0 0.4359375 0.5265625 0.14375 0.16796875
0 0.71796875 0.6734375 0.13828125 0.1765625
0 0.925 0.8234375 0.14609375 0.17109375
0 0.17265625 0.796875 0.14921875 0.1515625
0 0.46484375 0.828125 0.16171875 0.15859375
0 0.1265625 0.94765625 0.09609375 0.1046875
0 0.22109375 0.87265625 0.1265625 0.13671875
0 0.2765625 0.38125 0.13828125 0.16171875
0 0.49765625 0.36796875 0.115625 0.16796875
0 0.59609375 0.30078125 0.15546875 0.1890625
0 0.83125 0.3515625 0.128125 0.12109375
0 0.44453125 0.1046875 0.1265625 0.16875
0 0.44609375 0.03828125 0.121875 0.0765625
0 0.18671875 0.17109375 0.14453125 0.16015625
0 0.509375 0.53984375 0.103125 0.11875
0 0.384375 0.4328125 0.11875 0.13515625
0 0.6984375 0.8265625 0.1015625 0.1109375
0 0.978125 0.70546875 0.04375 0.1203125
0 0.29296875 0.06328125 0.1640625 0.12578125