0 0.56015625 0.478125 0.12890625 0.15078125
0 0.30703125 0.34609375 0.12421875 0.15859375
0 0.12109375 0.21171875 0.13125 0.153125
0 0.796875 0.23515625 0.13359375 0.1359375
0 0.534375 0.20703125 0.1453125 0.1421875
0 0.83984375 0.09765625 0.08671875 0.10078125
0 0.75390625 0.1671875 0.11328125 0.12265625
0 0.70390625 0.60859375 0.12421875 0.1453125
0 0.50546875 0.6203125 0.10390625 0.15078125
0 0.41640625 0.68046875 0.13984375 0.16953125
0 0.20546875 0.63515625 0.11484375 0.10859375
0 0.55234375 0.85625 0.11328125 0.1515625
0 0.55234375 0.93671875 0.11015625 0.1078125
0 0.784375 0.796875 0.13046875 0.14375
0 0.49453125 0.46640625 0.0921875 0.10625
0 0.60703125 0.5625 0.10625 0.12109375
0 0.325 0.20859375 0.09140625 0.09921875
0 0.04765625 0.31796875 0.09453125 0.10859375
0 0.68984375 0.91328125 0.146875 0.15