0 0.4125 0.44609375 0.13828125 0.1609375
0 0.6828125 0.30546875 0.1328125 0.16953125
0 0.88203125 0.16171875 0.140625 0.1640625
0 0.159375 0.18671875 0.14296875 0.1453125
0 0.440625 0.15703125 0.15546875 0.15234375
0 0.11484375 0.04609375 0.0921875 0.0921875
0 0.20546875 0.11484375 0.12109375 0.13046875
0 0.259375 0.58515625 0.1328125 0.1546875
0 0.47109375 0.5984375 0.11171875 0.1609375
0 0.56640625 0.6625 0.14921875 0.18125
0 0.7921875 0.6140625 0.12265625 0.115625
0 0.4203125 0.85078125 0.12109375 0.16171875
0 0.42109375 0.9359375 0.11796875 0.115625
0 0.17265625 0.78671875 0.1390625 0.153125
0 0.4828125 0.43359375 0.0984375 0.11328125
0 0.3625 0.5359375 0.1140625 0.1296875
0 0.6640625 0.15859375 0.09765625 0.10625
0 0.95546875 0.27421875 0.0890625 0.11484375
0 0.27421875 0.91171875 0.15703125 0.16015625