0 0.2625 0.3046875 0.1953125 0.24453125
0 0.08046875 0.70078125 0.1609375 0.2765625
0 0.228125 0.70703125 0.17890625 0.27734375
0 0.40703125 0.69453125 0.1796875 0.2890625
0 0.603125 0.68984375 0.18515625 0.29453125
0 0.7921875 0.6703125 0.1953125 0.3046875
0 0.9359375 0.5859375 0.128125 0.265625
0 0.85390625 0.36484375 0.2296875 0.3140625
0 0.68984375 0.45078125 0.178125 0.26171875
0 0.5078125 0.46015625 0.17578125 0.259375
0 0.33046875 0.49921875 0.17890625 0.25
0 0.17421875 0.50390625 0.1609375 0.21875
0 0.3546875 0.13515625 0.140625 0.2171875
0 0.49921875 0.1140625 0.15 0.2125
0 0.72265625 0.2125 0.1359375 0.22421875
0 0.584375 0.2671875 0.19609375 0.24140625
0 0.42265625 0.29140625 0.13671875 0.21796875