0 0.2625 0.3046875 0.196875 0.24609375
0 0.0796875 0.703125 0.159375 0.2765625
0 0.228125 0.71015625 0.18046875 0.27890625
0 0.40859375 0.696875 0.18125 0.29140625
0 0.60625 0.69296875 0.18671875 0.296875
0 0.796875 0.67265625 0.196875 0.3078125
0 0.93828125 0.5890625 0.12265625 0.26875
0 0.85859375 0.36484375 0.23203125 0.31640625
0 0.69375 0.4515625 0.1796875 0.2640625
0 0.51015625 0.4609375 0.17734375 0.2609375
0 0.33125 0.50078125 0.18046875 0.2515625
0 0.17421875 0.50546875 0.1625 0.22109375
0 0.35546875 0.13359375 0.1421875 0.21953125
0 0.50078125 0.1125 0.1515625 0.2140625
0 0.7265625 0.2109375 0.13671875 0.22578125
0 0.58671875 0.2671875 0.19765625 0.24375
0 0.42421875 0.29140625 0.13828125 0.21953125