0 0.26484375 0.72734375 0.2109375 0.26484375
0 0.0765625 0.3 0.153125 0.296875
0 0.228125 0.29140625 0.19375 0.3
0 0.42109375 0.30546875 0.19453125 0.31328125
0 0.63359375 0.31015625 0.2 0.31875
0 0.83828125 0.33125 0.2109375 0.33046875
0 0.96171875 0.42265625 0.0765625 0.2890625
0 0.8890625 0.665625 0.221875 0.340625
0 0.72734375 0.56953125 0.19296875 0.28359375
0 0.53046875 0.559375 0.190625 0.28046875
0 0.33828125 0.51640625 0.19375 0.2703125
0 0.16953125 0.51171875 0.17421875 0.2375
0 0.36328125 0.89765625 0.1515625 0.2046875
0 0.5203125 0.91015625 0.1625 0.17890625
0 0.76328125 0.828125 0.146875 0.24296875
0 0.6125 0.76796875 0.2125 0.26171875
0 0.4375 0.7421875 0.1484375 0.2359375