0 0.31171875 0.353125 0.1109375 0.13984375
0 0.49921875 0.07734375 0.16328125 0.1546875
0 0.6515625 0.44609375 0.11328125 0.153125
0 0.57890625 0.32109375 0.128125 0.18828125
0 0.75 0.425 0.1296875 0.16640625
0 0.9515625 0.43046875 0.075 0.10625
0 0.49921875 0.87109375 0.09296875 0.1328125
0 0.690625 0.75390625 0.10078125 0.121875
0 0.61171875 0.57109375 0.10625 0.1359375
0 0.69375 0.55 0.10078125 0.1265625
0 0.16484375 0.52109375 0.11796875 0.1265625
0 0.20546875 0.24453125 0.1109375 0.13515625
0 0.08203125 0.89765625 0.12578125 0.17890625
0 0.903125 0.84609375 0.08203125 0.1125
0 0.815625 0.54921875 0.109375 0.10078125
0 0.453125 0.95 0.084375 0.1