0 0.68125 0.64921875 0.121875 0.15390625
0 0.475 0.93359375 0.178125 0.13203125
0 0.30703125 0.54609375 0.12421875 0.16875
0 0.38671875 0.684375 0.140625 0.2078125
0 0.1984375 0.56953125 0.14296875 0.18359375
0 0.009375 0.565625 0.01875 0.11875
0 0.47421875 0.07734375 0.10234375 0.146875
0 0.2640625 0.20703125 0.1109375 0.13515625
0 0.35 0.40859375 0.11640625 0.15
0 0.26015625 0.43125 0.1109375 0.1390625
0 0.8421875 0.4640625 0.1296875 0.1390625
0 0.79765625 0.76796875 0.121875 0.1484375
0 0.9328125 0.0734375 0.134375 0.146875
0 0.0375 0.10625 0.075 0.1234375
0 0.12578125 0.43203125 0.1203125 0.11171875
0 0.5265625 0.0234375 0.0921875 0.046875