0 0.7078125 0.35078125 0.11484375 0.1453125
0 0.5140625 0.071875 0.16875 0.14375
0 0.35546875 0.4484375 0.1171875 0.159375
0 0.43046875 0.3171875 0.1328125 0.19609375
0 0.253125 0.42578125 0.13515625 0.1734375
0 0.04375 0.43203125 0.078125 0.1109375
0 0.51328125 0.890625 0.09609375 0.13828125
0 0.31484375 0.76796875 0.1046875 0.12734375
0 0.39609375 0.578125 0.11015625 0.14140625
0 0.31171875 0.55625 0.1046875 0.13125
0 0.86015625 0.52578125 0.12265625 0.13125
0 0.81796875 0.23828125 0.11484375 0.140625
0 0.940625 0.9125 0.11796875 0.175
0 0.09453125 0.86484375 0.08515625 0.1171875
0 0.18515625 0.55546875 0.11328125 0.10546875
0 0.5625 0.959375 0.0875 0.08046875