0 0.68828125 0.55625 0.140625 0.16484375
0 0.684375 0.2671875 0.1234375 0.17578125
0 0.78984375 0.3640625 0.121875 0.16875
0 0.7828125 0.5421875 0.15078125 0.18203125
0 0.4 0.4125 0.14921875 0.16328125
0 0.559375 0.41484375 0.13828125 0.178125
0 0.30859375 0.2421875 0.13671875 0.1734375
0 0.29453125 0.503125 0.12890625 0.1703125
0 0.40546875 0.5796875 0.1265625 0.18203125
0 0.51328125 0.73203125 0.13515625 0.19375
0 0.63984375 0.70859375 0.14375 0.16640625
0 0.675 0.42890625 0.13359375 0.16015625
0 0.4828125 0.28359375 0.13828125 0.15625
0 0.603125 0.121875 0.121875 0.15234375