0 0.8125 0.08203125 0.1140625 0.14921875
0 0.78046875 0.01953125 0.1 0.0390625
0 0.56796875 0.89921875 0.1046875 0.13203125
0 0.66484375 0.80078125 0.0765625 0.1109375
0 0.62421875 0.490625 0.103125 0.103125
0 0.31015625 0.3046875 0.08125 0.11796875
0 0.21875 0.51171875 0.10234375 0.12421875
0 0.6015625 0.71484375 0.08515625 0.1140625
0 0.559375 0.7625 0.08828125 0.12421875
0 0.4890625 0.6859375 0.09453125 0.13359375
0 0.609375 0.603125 0.115625 0.12109375
0 0.48515625 0.48984375 0.08671875 0.103125
0 0.38125 0.51171875 0.1125 0.11796875
0 0.25546875 0.3171875 0.0796875 0.11484375
0 0.36796875 0.64609375 0.08515625 0.1140625
0 0.5875 0.43515625 0.075 0.096875
0 0.4875 0.93359375 0.08828125 0.12109375