0 0.31953125 0.7890625 0.33515625 0.421875
0 0.63203125 0.7828125 0.3265625 0.434375
0 0.46875 0.4296875 0.35703125 0.4453125
0 0.1609375 0.44375 0.321875 0.43515625
0 0.78359375 0.44375 0.3421875 0.44765625
0 0.8890625 0.15703125 0.221875 0.3140625
0 0.6140625 0.15703125 0.334375 0.3140625
0 0.078125 0.1546875 0.15625 0.30859375
0 0.30234375 0.15859375 0.3171875 0.3171875
0 0.08515625 0.79140625 0.16953125 0.4171875
0 0.95234375 0.66484375 0.0953125 0.26953125
0 0.9125 0.83671875 0.175 0.2390625