0 0.28828125 0.20859375 0.1078125 0.13984375
0 0.3390625 0.28203125 0.0984375 0.146875
0 0.24921875 0.321875 0.12421875 0.1265625
0 0.3828125 0.59609375 0.08984375 0.11171875
0 0.45859375 0.57109375 0.1171875 0.13671875
0 0.33046875 0.41640625 0.10390625 0.134375
0 0.5921875 0.259375 0.09296875 0.1171875
0 0.95859375 0.04765625 0.0796875 0.0953125
0 0.75546875 0.42734375 0.1078125 0.12890625
0 0.69921875 0.5015625 0.09453125 0.13046875
0 0.61328125 0.45859375 0.11171875 0.13125
0 0.5328125 0.4390625 0.0875 0.1
0 0.6625 0.778125 0.1296875 0.125
0 0.4078125 0.75 0.0953125 0.13828125
0 0.52890625 0.721875 0.09296875 0.10234375
0 0.48359375 0.87890625 0.1078125 0.11953125
0 0.65234375 0.85078125 0.10390625 0.08671875