0 0.1765625 0.859375 0.10234375 0.134375
0 0.2078125 0.94765625 0.09140625 0.0921875
0 0.39609375 0.125 0.09453125 0.11875
0 0.309375 0.2140625 0.06875 0.1
0 0.3453125 0.4921875 0.09296875 0.09296875
0 0.62734375 0.659375 0.07265625 0.10625
0 0.71015625 0.4734375 0.09140625 0.11171875
0 0.365625 0.29140625 0.0765625 0.10234375
0 0.403125 0.2484375 0.0796875 0.11171875
0 0.46640625 0.3171875 0.08515625 0.11953125
0 0.359375 0.39140625 0.10390625 0.10859375
0 0.4703125 0.49375 0.078125 0.09296875
0 0.5640625 0.4734375 0.10078125 0.10625
0 0.6765625 0.6484375 0.07109375 0.103125
0 0.57578125 0.353125 0.0765625 0.10234375
0 0.378125 0.5421875 0.0671875 0.0875
0 0.46796875 0.0953125 0.0796875 0.109375