0 0.2703125 0.79921875 0.1171875 0.1515625
0 0.325 0.71953125 0.10703125 0.159375
0 0.228125 0.67578125 0.134375 0.1375
0 0.3734375 0.37890625 0.09765625 0.12109375
0 0.45546875 0.40546875 0.12734375 0.1484375
0 0.31640625 0.5734375 0.1125 0.14609375
0 0.6 0.74375 0.10078125 0.1265625
0 0.9765625 0.96171875 0.046875 0.0765625
0 0.77734375 0.5625 0.1171875 0.13984375
0 0.715625 0.48125 0.10234375 0.14140625
0 0.6234375 0.52734375 0.12109375 0.1421875
0 0.53515625 0.54921875 0.0953125 0.10859375
0 0.6765625 0.18125 0.140625 0.13515625
0 0.4 0.21171875 0.10390625 0.15
0 0.53125 0.2421875 0.10078125 0.1109375
0 0.48203125 0.071875 0.1171875 0.1296875
0 0.665625 0.10234375 0.1125 0.09453125