0 0.86796875 0.43828125 0.1359375 0.14921875
0 0.20234375 0.4453125 0.1640625 0.1546875
0 0.2328125 0.68046875 0.15078125 0.1421875
0 0.48125 0.70078125 0.13203125 0.15859375
0 0.603125 0.71875 0.1171875 0.1359375
0 0.03984375 0.5671875 0.0796875 0.175
0 0.0890625 0.6921875 0.13984375 0.125
0 0.4140625 0.534375 0.13359375 0.12734375
0 0.58125 0.32265625 0.128125 0.1734375
0 0.3828125 0.3203125 0.134375 0.15
0 0.31875 0.440625 0.125 0.140625
0 0.40703125 0.634375 0.13984375 0.14765625
0 0.62890625 0.53359375 0.11015625 0.13671875
0 0.52578125 0.559375 0.125 0.12734375
0 0.70625 0.60234375 0.165625 0.1828125
0 0.69140625 0.46171875 0.13359375 0.13671875
0 0.86640625 0.340625 0.13203125 0.1375
0 0.7796875 0.66953125 0.14296875 0.1421875
0 0.725 0.74609375 0.13984375 0.103125
0 0.31640625 0.5859375 0.1484375 0.14609375
0 0.20625 0.6125 0.13984375 0.14453125
0 0.13515625 0.5296875 0.14140625 0.16484375
0 0.4828125 0.39296875 0.12265625 0.13828125