0 0.153125 0.903125 0.1109375 0.1453125
0 0.18359375 0.971875 0.0984375 0.05625
0 0.39140625 0.10625 0.10234375 0.12890625
0 0.296875 0.203125 0.07421875 0.10859375
0 0.33671875 0.5046875 0.10078125 0.10078125
0 0.64296875 0.6859375 0.07890625 0.11484375
0 0.73203125 0.484375 0.09921875 0.12109375
0 0.35859375 0.2859375 0.08359375 0.1109375
0 0.39921875 0.23984375 0.0859375 0.12109375
0 0.46796875 0.31484375 0.0921875 0.1296875
0 0.3515625 0.39453125 0.1125 0.11796875
0 0.471875 0.50625 0.084375 0.10078125
0 0.5734375 0.484375 0.109375 0.11484375
0 0.69609375 0.67421875 0.07734375 0.11171875
0 0.58671875 0.353125 0.08359375 0.11171875
0 0.37265625 0.55859375 0.0734375 0.09453125
0 0.46953125 0.0734375 0.0859375 0.11796875