0 0.3234375 0.553125 0.13203125 0.1546875
0 0.32734375 0.28125 0.115625 0.16484375
0 0.228125 0.37265625 0.11484375 0.1578125
0 0.23515625 0.53984375 0.14140625 0.17109375
0 0.59375 0.41796875 0.13984375 0.153125
0 0.44453125 0.4203125 0.12890625 0.16640625
0 0.6796875 0.2578125 0.128125 0.1625
0 0.6921875 0.503125 0.12109375 0.16015625
0 0.58828125 0.575 0.11875 0.17109375
0 0.4875 0.7171875 0.1265625 0.18125
0 0.36875 0.6953125 0.134375 0.15546875
0 0.3359375 0.43359375 0.125 0.15
0 0.515625 0.296875 0.1296875 0.146875
0 0.403125 0.1453125 0.11484375 0.14296875