0 0.12265625 0.42890625 0.1390625 0.153125
0 0.80546875 0.4359375 0.16796875 0.15859375
0 0.7734375 0.6765625 0.1546875 0.14609375
0 0.51953125 0.69765625 0.13515625 0.1625
0 0.39453125 0.71640625 0.1203125 0.1390625
0 0.965625 0.5578125 0.06796875 0.1796875
0 0.92109375 0.68828125 0.14375 0.128125
0 0.5875 0.52734375 0.13671875 0.13046875
0 0.4171875 0.31015625 0.13125 0.17734375
0 0.6203125 0.3078125 0.13828125 0.153125
0 0.6859375 0.43125 0.128125 0.14375
0 0.5953125 0.6296875 0.14375 0.1515625
0 0.36796875 0.5265625 0.11328125 0.140625
0 0.4734375 0.55234375 0.128125 0.13046875
0 0.28828125 0.596875 0.16953125 0.1875
0 0.30390625 0.45234375 0.13671875 0.13984375
0 0.125 0.32890625 0.13515625 0.140625
0 0.21328125 0.665625 0.14609375 0.14609375
0 0.26953125 0.74375 0.14375 0.10546875
0 0.6875 0.58046875 0.1515625 0.14921875
0 0.80078125 0.60703125 0.14375 0.14765625
0 0.8734375 0.52265625 0.14453125 0.16875
0 0.5171875 0.38203125 0.12578125 0.1421875