0 0.090625 0.565625 0.1453125 0.159375
0 0.80078125 0.55859375 0.175 0.16484375
0 0.76796875 0.3078125 0.1609375 0.1515625
0 0.50390625 0.2859375 0.140625 0.16875
0 0.3734375 0.26640625 0.125 0.14453125
0 0.96640625 0.43125 0.06640625 0.1875
0 0.921875 0.2953125 0.14921875 0.13359375
0 0.575 0.46328125 0.1421875 0.1359375
0 0.396875 0.6890625 0.13671875 0.18515625
0 0.60859375 0.6921875 0.14375 0.16015625
0 0.6765625 0.56328125 0.13359375 0.15
0 0.5828125 0.35625 0.14921875 0.1578125
0 0.34609375 0.4640625 0.11796875 0.14609375
0 0.45546875 0.43671875 0.13359375 0.13515625
0 0.26328125 0.390625 0.1765625 0.1953125
0 0.27890625 0.54140625 0.1421875 0.1453125
0 0.09296875 0.66953125 0.140625 0.146875
0 0.184375 0.31875 0.15234375 0.1515625
0 0.24375 0.2375 0.14921875 0.11015625
0 0.67890625 0.4078125 0.1578125 0.15546875
0 0.796875 0.38046875 0.14921875 0.15390625
0 0.871875 0.46875 0.15078125 0.17578125
0 0.5015625 0.6140625 0.13046875 0.14765625