0 0.2890625 0.7875 0.109375 0.1421875
0 0.33984375 0.71328125 0.1 0.14921875
0 0.24921875 0.67265625 0.12578125 0.12890625
0 0.38515625 0.39453125 0.09140625 0.11328125
0 0.46171875 0.41953125 0.11875 0.1390625
0 0.33203125 0.57734375 0.10546875 0.13671875
0 0.59765625 0.73671875 0.09453125 0.11875
0 0.9640625 0.95234375 0.07109375 0.0953125
0 0.7640625 0.56640625 0.109375 0.13125
0 0.70625 0.48984375 0.09609375 0.13203125
0 0.61953125 0.53359375 0.11328125 0.1328125
0 0.5375 0.55390625 0.0890625 0.1015625
0 0.66953125 0.209375 0.13125 0.1265625
0 0.41015625 0.23828125 0.096875 0.140625
0 0.5328125 0.26640625 0.09453125 0.10390625
0 0.4875 0.10703125 0.109375 0.12109375
0 0.659375 0.1359375 0.10546875 0.08828125