0 0.65078125 0.246875 0.309375 0.39921875
0 0.36484375 0.25625 0.30078125 0.4078125
0 0.5171875 0.5796875 0.32578125 0.40625
0 0.8015625 0.56953125 0.30625 0.4
0 0.2296875 0.5671875 0.31171875 0.40859375
0 0.1171875 0.84296875 0.234375 0.31328125
0 0.3828125 0.84296875 0.30546875 0.31328125
0 0.90078125 0.8453125 0.1984375 0.309375
0 0.66875 0.84140625 0.28984375 0.3171875
0 0.89453125 0.2421875 0.21015625 0.396875
0 0.059375 0.36484375 0.11875 0.24609375
0 0.0953125 0.20859375 0.190625 0.21796875