0 0.41328125 0.15234375 0.2640625 0.3046875
0 0.08203125 0.23046875 0.1640625 0.371875
0 0.40625 0.7203125 0.3515625 0.49921875
0 0.659375 0.8359375 0.3109375 0.32734375
0 0.8171875 0.56484375 0.31640625 0.38203125
0 0.63984375 0.2890625 0.271875 0.35703125
0 0.84765625 0.246875 0.25703125 0.3109375
0 0.546875 0.56015625 0.253125 0.29765625
0 0.34609375 0.42734375 0.2609375 0.29140625
0 0.08671875 0.5796875 0.1734375 0.38125
0 0.16328125 0.1625 0.2046875 0.28125
0 0.90390625 0.8234375 0.1921875 0.353125