0 0.31640625 0.4 0.14296875 0.16796875
0 0.32109375 0.69453125 0.12578125 0.17890625
0 0.2140625 0.59609375 0.12421875 0.17109375
0 0.22109375 0.41484375 0.153125 0.18515625
0 0.61015625 0.546875 0.1515625 0.16640625
0 0.4484375 0.54375 0.140625 0.18125
0 0.703125 0.7203125 0.1390625 0.1765625
0 0.7171875 0.45390625 0.13125 0.1734375
0 0.6046875 0.3765625 0.12890625 0.18515625
0 0.4953125 0.221875 0.1375 0.196875
0 0.36640625 0.24609375 0.14609375 0.16875
0 0.33046875 0.5296875 0.1359375 0.1625
0 0.52578125 0.67734375 0.140625 0.159375
0 0.40390625 0.8421875 0.12421875 0.15546875