0 0.2234375 0.53984375 0.125 0.16796875
0 0.40078125 0.46640625 0.140625 0.19296875
0 0.7265625 0.29609375 0.1328125 0.16796875
0 0.51640625 0.19765625 0.12890625 0.18125
0 0.62265625 0.25546875 0.1203125 0.17734375
0 0.50859375 0.4109375 0.12890625 0.16484375
0 0.91015625 0.65390625 0.12890625 0.15859375
0 0.75625 0.75078125 0.125 0.1703125
0 0.6734375 0.565625 0.11484375 0.17890625
0 0.32578125 0.721875 0.14921875 0.1875
0 0.459375 0.66875 0.13828125 0.19296875
0 0.95625 0.5875 0.08671875 0.1484375
0 0.88125 0.7859375 0.1359375 0.15
0 0.309375 0.08515625 0.11484375 0.1171875
0 0.44765625 0.9546875 0.1078125 0.090625