0 0.2265625 0.47578125 0.13125 0.1765625
0 0.4125 0.55390625 0.1484375 0.203125
0 0.7546875 0.7328125 0.13984375 0.1765625
0 0.534375 0.83671875 0.13515625 0.19140625
0 0.64609375 0.77578125 0.12578125 0.18671875
0 0.52578125 0.6125 0.13515625 0.17421875
0 0.93984375 0.35703125 0.11953125 0.16875
0 0.7859375 0.25390625 0.13125 0.1796875
0 0.69921875 0.44921875 0.12109375 0.18828125
0 0.33359375 0.284375 0.15625 0.19765625
0 0.4734375 0.340625 0.1453125 0.203125
0 0.97421875 0.428125 0.0515625 0.15625
0 0.9171875 0.21640625 0.14296875 0.15859375
0 0.315625 0.946875 0.11875 0.10625
0 0.4625 0.04375 0.11328125 0.08671875