0 0.24296875 0.4453125 0.13828125 0.1859375
0 0.43828125 0.52734375 0.15625 0.2140625
0 0.79921875 0.715625 0.146875 0.1859375
0 0.5671875 0.825 0.14296875 0.2015625
0 0.684375 0.7609375 0.1328125 0.196875
0 0.5578125 0.58828125 0.14296875 0.1828125
0 0.965625 0.31953125 0.06875 0.17734375
0 0.83203125 0.2109375 0.13828125 0.1890625
0 0.740625 0.4171875 0.12734375 0.1984375
0 0.35546875 0.24296875 0.16484375 0.2078125
0 0.503125 0.30234375 0.15234375 0.2140625
0 0.946875 0.17421875 0.10625 0.165625
0 0.3375 0.9421875 0.12578125 0.115625
0 0.49140625 0.01796875 0.11953125 0.03515625