0 0.73515625 0.90859375 0.1625 0.18203125
0 0.61328125 0.48125 0.17734375 0.21953125
0 0.7546875 0.35234375 0.1890625 0.24921875
0 0.328125 0.2875 0.1484375 0.2078125
0 0.3390625 0.47734375 0.13828125 0.18671875
0 0.0671875 0.403125 0.134375 0.21640625
0 0.9671875 0.2546875 0.06484375 0.2078125
0 0.7875 0.13828125 0.1609375 0.21484375
0 0.8671875 0.03359375 0.1796875 0.06640625
0 0.69609375 0.0234375 0.18359375 0.04609375
0 0.3375 0.0625 0.19453125 0.12421875
0 0.121875 0.0828125 0.178125 0.165625
0 0.240625 0.93203125 0.134375 0.1359375
0 0.940625 0.5796875 0.11875 0.234375
0 0.46875 0.725 0.175 0.21640625
0 0.73828125 0.728125 0.14296875 0.1734375
0 0.8796875 0.715625 0.1328125 0.18671875
0 0.55703125 0.04375 0.1546875 0.0875
0 0.49140625 0.2078125 0.1734375 0.25390625
0 0.50078125 0.9078125 0.12890625 0.171875