0 0.2828125 0.915625 0.159375 0.16875
0 0.4015625 0.5015625 0.17265625 0.2140625
0 0.2640625 0.37578125 0.184375 0.24375
0 0.6796875 0.31171875 0.14453125 0.203125
0 0.66953125 0.49765625 0.13515625 0.1828125
0 0.934375 0.425 0.13046875 0.21171875
0 0.04453125 0.2796875 0.08828125 0.203125
0 0.2328125 0.16640625 0.15703125 0.209375
0 0.1546875 0.0484375 0.175 0.096875
0 0.321875 0.03828125 0.1796875 0.0765625
0 0.67109375 0.0765625 0.18984375 0.15234375
0 0.88203125 0.09609375 0.17265625 0.1921875
0 0.765625 0.9375 0.13046875 0.12421875
0 0.0703125 0.5984375 0.140625 0.228125
0 0.01875 0.46796875 0.0375 0.2234375
0 0.54296875 0.73984375 0.17109375 0.21171875
0 0.28046875 0.74296875 0.1390625 0.16953125
0 0.14296875 0.73046875 0.1296875 0.1828125
0 0.4578125 0.0578125 0.1515625 0.115625
0 0.52109375 0.234375 0.16875 0.2484375
0 0.51171875 0.91796875 0.12421875 0.1640625