0 0.309375 0.08828125 0.15 0.17578125
0 0.42109375 0.48671875 0.1640625 0.20234375
0 0.290625 0.60546875 0.175 0.2296875
0 0.684375 0.665625 0.13671875 0.19140625
0 0.675 0.48984375 0.128125 0.17265625
0 0.93203125 0.55859375 0.1359375 0.2
0 0.0625 0.6984375 0.125 0.19296875
0 0.26015625 0.803125 0.14921875 0.19765625
0 0.18671875 0.93515625 0.1640625 0.1296875
0 0.3453125 0.94375 0.16875 0.1125
0 0.67734375 0.90859375 0.1796875 0.18203125
0 0.8765625 0.88515625 0.16328125 0.21171875
0 0.765625 0.06640625 0.121875 0.1328125
0 0.09921875 0.39609375 0.15078125 0.215625
0 0.03828125 0.5203125 0.07578125 0.2109375
0 0.5546875 0.26171875 0.16171875 0.2
0 0.30625 0.25859375 0.13203125 0.16015625
0 0.17578125 0.2703125 0.12265625 0.17265625
0 0.4734375 0.92578125 0.14375 0.1484375
0 0.534375 0.7390625 0.16015625 0.234375
0 0.52578125 0.09296875 0.11875 0.15859375