0 0.42421875 0.675 0.09375 0.13828125
0 0.04609375 0.5171875 0.0921875 0.12265625
0 0.6140625 0.14453125 0.10625 0.1421875
0 0.92265625 0.390625 0.1078125 0.159375
0 0.7109375 0.73359375 0.08203125 0.121875
0 0.86484375 0.75859375 0.09375 0.11953125
0 0.975 0.60234375 0.05 0.1109375
0 0.83671875 0.5125 0.10625 0.1265625
0 0.44375 0.86953125 0.1140625 0.140625
0 0.584375 0.89609375 0.0921875 0.103125
0 0.590625 0.81875 0.096875 0.13125
0 0.18125 0.50625 0.078125 0.1078125
0 0.5671875 0.34921875 0.08828125 0.1328125
0 0.471875 0.278125 0.09765625 0.1296875
0 0.3984375 0.41328125 0.08125 0.09921875
0 0.55625 0.04765625 0.153125 0.09453125
0 0.47265625 0.0859375 0.115625 0.1109375