0 0.4390625 0.71171875 0.09921875 0.14609375
0 0.04453125 0.5453125 0.08828125 0.1296875
0 0.6390625 0.15078125 0.11171875 0.15078125
0 0.953125 0.40859375 0.09375 0.1703125
0 0.74140625 0.77421875 0.08671875 0.1296875
0 0.90390625 0.80078125 0.09921875 0.1265625
0 0.87421875 0.540625 0.11171875 0.13359375
0 0.46015625 0.91796875 0.1203125 0.14921875
0 0.6078125 0.94453125 0.096875 0.11015625
0 0.6140625 0.86484375 0.10234375 0.1390625
0 0.1828125 0.53359375 0.08203125 0.1140625
0 0.58984375 0.3671875 0.09296875 0.14140625
0 0.4890625 0.2921875 0.103125 0.1375
0 0.41171875 0.43515625 0.08515625 0.1046875
0 0.57734375 0.04765625 0.1609375 0.0953125
0 0.490625 0.08828125 0.12265625 0.1171875