0 0.56875 0.31796875 0.0953125 0.140625
0 0.953125 0.478125 0.09375 0.125
0 0.37578125 0.8578125 0.1078125 0.1453125
0 0.06171875 0.60703125 0.109375 0.1625
0 0.27734375 0.2578125 0.08359375 0.12421875
0 0.12109375 0.23203125 0.0953125 0.121875
0 0.0171875 0.39296875 0.034375 0.11171875
0 0.14921875 0.4828125 0.1078125 0.12890625
0 0.5484375 0.11953125 0.115625 0.14375
0 0.40625 0.0921875 0.09375 0.10546875
0 0.4 0.17109375 0.0984375 0.13359375
0 0.81640625 0.48984375 0.07890625 0.109375
0 0.4234375 0.64921875 0.0890625 0.1359375
0 0.5203125 0.721875 0.09921875 0.13203125
0 0.5953125 0.584375 0.08203125 0.10078125
0 0.43515625 0.95546875 0.1546875 0.0890625
0 0.51953125 0.91796875 0.11796875 0.11328125