0 0.63671875 0.8578125 0.08828125 0.0875
0 0.60625 0.51484375 0.1046875 0.12421875
0 0.56796875 0.3578125 0.0875 0.13125
0 0.54765625 0.20546875 0.08984375 0.11484375
0 0.89453125 0.29765625 0.07734375 0.09296875
0 0.96796875 0.2671875 0.06328125 0.096875
0 0.078125 0.39296875 0.11484375 0.175
0 0.10390625 0.971875 0.08984375 0.05546875
0 0.20390625 0.96796875 0.09375 0.0640625
0 0.3265625 0.4484375 0.09375 0.128125
0 0.3921875 0.596875 0.0875 0.10390625
0 0.1125 0.05703125 0.10703125 0.1140625
0 0.296875 0.153125 0.13125 0.125
0 0.24765625 0.82265625 0.07421875 0.11171875