0 0.5953125 0.8296875 0.08671875 0.08515625
0 0.56484375 0.49453125 0.10234375 0.12109375
0 0.528125 0.34140625 0.08515625 0.128125
0 0.50859375 0.1921875 0.0875 0.1125
0 0.84765625 0.2828125 0.07578125 0.090625
0 0.93515625 0.2515625 0.0921875 0.0921875
0 0.05234375 0.37734375 0.1046875 0.17109375
0 0.0734375 0.95703125 0.0875 0.0859375
0 0.17109375 0.953125 0.0921875 0.09375
0 0.29140625 0.4296875 0.0921875 0.125
0 0.35546875 0.575 0.08515625 0.1015625
0 0.08203125 0.0515625 0.1046875 0.103125
0 0.2625 0.14140625 0.128125 0.12265625
0 0.21484375 0.7953125 0.07265625 0.10859375