0 0.58984375 0.19375 0.08125 0.0796875
0 0.5609375 0.50625 0.09609375 0.11328125
0 0.52578125 0.64921875 0.0796875 0.11953125
0 0.5078125 0.7890625 0.08203125 0.1046875
0 0.82578125 0.70390625 0.07109375 0.08515625
0 0.90703125 0.7328125 0.0859375 0.0859375
0 0.07734375 0.6171875 0.1046875 0.159375
0 0.1015625 0.0640625 0.08125 0.10390625
0 0.19296875 0.06640625 0.0859375 0.115625
0 0.3046875 0.5671875 0.0859375 0.1171875
0 0.36484375 0.43125 0.0796875 0.0953125
0 0.109375 0.92734375 0.096875 0.11015625
0 0.278125 0.8359375 0.1203125 0.1140625
0 0.2328125 0.22578125 0.06796875 0.1015625